-2.879883 -1.146667 0.017000 0.000000 0.000000 0.857086 0.515173
-2.454399 -1.816661 0.017000 0.000000 0.000000 -0.243202 0.969976
-2.994799 -1.616292 0.017000 0.000000 0.000000 0.961900 0.273403
-3.205069 -2.277021 0.017000 0.000000 0.000000 -0.177589 0.984105
-3.514892 -2.856606 0.017000 0.000000 0.000000 -0.173609 0.984815
-2.881992 -3.110508 0.017000 -0.000000 -0.000000 0.556946 0.830548
-3.739032 -3.399417 0.017000 0.000000 0.000000 0.994404 0.105641
-3.705423 -4.087399 0.017000 0.000000 0.000000 0.981561 -0.191149
-3.197233 -4.521010 0.017000 -0.000000 -0.000000 0.589473 0.807788
-2.751038 -4.631259 0.017000 -0.000000 -0.000000 0.184814 0.982774
-2.287612 -4.406600 0.017000 -0.000000 -0.000000 0.315351 0.948975
-2.171509 -4.059142 0.017000 0.000000 0.000000 0.980872 0.194652
-2.592914 -3.152000 0.017000 0.000000 0.000000 -0.838260 0.545271
-1.752846 -3.384216 0.017000 0.000000 0.000000 -0.196597 0.980484
-1.480591 -3.156627 0.017000 -0.000000 -0.000000 0.527265 0.849701
-1.996978 -2.696482 0.017000 0.000000 0.000000 0.989175 0.146743
-1.953528 -2.271877 0.017000 0.000000 0.000000 -0.237144 0.971474
-1.351883 -1.239185 0.017000 0.000000 0.000000 0.982651 0.185464
-1.058655 -1.864784 0.017000 0.000000 0.000000 -0.842793 0.538238
-0.691785 -1.221908 0.017000 -0.000000 -0.000000 0.477377 0.878698
-1.021499 -0.281572 0.017000 0.000000 0.000000 -0.227739 0.973722
-1.868571 -0.212254 0.017000 0.000000 0.000000 0.866484 -0.499206
-1.525997 0.415338 0.017000 -0.000000 -0.000000 0.708574 0.705637
-0.796166 0.339209 0.017000 -0.000000 -0.000000 0.573946 0.818893
-0.955780 0.768929 0.017000 0.000000 0.000000 0.956630 0.291306
-0.158136 0.274176 0.017000 0.000000 0.000000 -0.767051 0.641586
0.443673 0.454126 0.017000 0.000000 0.000000 -0.637537 0.770420
-2.879883 -1.146667 0.017000 0.000000 0.000000 0.857086 0.515173
